pT_min:                       12
pT_max:                       40
DNN_min:                      0.55
DNN_max:                      0.85
DNN_BKGD:		      0.5
Lambda0_cut:                  0.4
EMax_EClus_max:               0.7
EMax_EClus_min:               0.6
Eta_max:                      0.67
Cluster_min:                  2
Cluster_dist_to_bad_channel:  2
Cluster_N_Local_Maxima:       3.0
EcrossoverE_min:              0.05
iso_max:                      1.5
noniso_min:                   5.0
noniso_max:                   10.0
deta_max:                     0.6
N_Phi_Bins:                   16
N_Eta_Bins:                   14
Track_pT_Min:		      2.0
Track_Cut_Bit:                16
#Zt_bins:               [0.0, 0.1, 0.2, 0.4, 0.6, 0.8, 1.0, 1.2]
Zt_bins:               [0.05, 0.07670637, 0.11767734, 0.18053204, 0.27695915, 0.42489062, 0.65183634, 1]
Pt_bins:	       [12.0,15.0,19.0,26.0,40.0]
#Pt_bins:	       [12.0, 13.0, 14.0, 15.0, 16.0, 17.0, 18.0, 20.0, 22.0, 24.0, 26.0, 28.0, 30.0, 32.0, 34.0, 40.0]
#Pt_bins:	       [12.0,21.0,40.0]
Cluster_isolation_determinant: cluster_iso_its_04
#Shower_Shape:                 DNN
Shower_Shape:                 Lambda