pT_min:                       12
pT_max:                       40
DNN_min:                      0.55
DNN_max:                      0.85
DNN_BKGD:		      0.5
Lambda0_cut:                  0.3
EMax_EClus_max:               0.7
EMax_EClus_min:               0.6
Eta_max:                      0.67
Cluster_min:                  2
Cluster_dist_to_bad_channel:  2
Cluster_N_Local_Maxima:       3.0
EcrossoverE_min:              0.05
iso_max:                      1.5
noniso_min:                   5.0
noniso_max:                   10.0
deta_max:                     0.6
N_Phi_Bins:                   16
N_Eta_Bins:                   14
Track_pT_Min:		      0.5
Track_pT_Max:		      15.0
Track_Cut_Bit:                16

Purity_Dev:		       None
#Purity_Dev:		       Plus
#Purity_Dev:		       Minus

#Zt_bins:		      [0.05, 0.091, 0.166, 0.302, 0.55,1.0] #5
#Zt_bins:		      [0.05, 0.08, 0.14, 0.22, 0.37, 0.61, 1.00] #6
#Zt_bins:		      [0.05, 0.07, 0.11, 0.15, 0.22, 0.33, 0.47, 0.69, 1.00] #8
#Zt_bins:		      [0.05, 0.07, 0.10, 0.14, 0.19, 0.26, 0.37, 0.51, 0.72, 1.00] #9
#Zt_bins:	       	      [0.05, 0.06, 0.08, 0.10, 0.12, 0.15, 0.18, 0.22, 0.28, 0.34, 0.42, 0.53, 0.65, 0.81, 1.0] #14
Zt_bins:		      [0.05, 0.07670637, 0.11767734, 0.18053204, 0.27695915, 0.42489062, 0.65183634, 1] #7

#Pt_bins:		       [12, 40]
Pt_bins:		       [12,15,40]
#Pt_bins:		       [12.00, 21.33, 30.67, 40.00] #3 pT Bins
#Pt_bins:		       [12.0, 15.0, 19.0, 26.0, 40.0] #4 pT Bins
#Pt_bins:		       [12.00, 15.27, 19.42, 24.71, 31.44, 40.00] #5 pT Bins
#Pt_bins:		       [0.05, 0.16, 0.26, 0.37, 0.47, 0.58, 0.68, 0.79, 0.89, 1.00]


Cluster_isolation_determinant: cluster_iso_its_04
#Shower_Shape:                 DNN
Shower_Shape:		       Lambda